  0.0000000e+000  0.0000000e+000  0.0000000e+000  1.0000000e+000  0.0000000e+000  1.0000000e+000
  1.1785113e-001  1.1785113e-001  0.0000000e+000  1.0000000e+000  0.0000000e+000  1.0000000e+000
  2.3570226e-001  2.3570226e-001  0.0000000e+000  1.0000000e+000  0.0000000e+000  1.0000000e+000
  3.5355339e-001  3.5355339e-001  0.0000000e+000  1.0000000e+000  0.0000000e+000  1.0000000e+000
  4.7140452e-001  4.7140452e-001  0.0000000e+000  1.0000000e+000  0.0000000e+000  1.0000000e+000
  3.5650707e-001  3.5650707e-001  0.0000000e+000  1.0000000e+000  0.0000000e+000  1.0000000e+000
  2.3865594e-001  2.3865594e-001  0.0000000e+000  1.0000000e+000  1.0000000e+000  1.0000000e+000
  1.2080481e-001  1.2080481e-001  0.0000000e+000  1.0000000e+000  1.0000000e+000  1.0000000e+000
  2.9536810e-003  2.9536810e-003  0.0000000e+000  1.0000000e+000  1.0000000e+000  1.0000000e+000
 -1.1489745e-001 -1.1489745e-001  0.0000000e+000  1.0000000e+000  1.0000000e+000  1.0000000e+000
